
29823
-31788
-6762
-22035
18375
-13148
-3040
9213
-5428
11914
-6499
17501
18791
-2821
6426
-596
6379
-26543
-10829
-5953
-924
21698
22853
-29487
648
17062
14267
-7647
16546
22358
-29951
-25626
-18386
29571
32686
22627
20483
29681
-12027
-2382
23253
30575
2616
13245
-19213
-15437
28802
30811
-18107
12746
-27732
9509
-1177
2509
-25395
-25295
-15134
-8896
-4750
9976
-26721
22417
-27836
-1795
-20670
-4122
19162
13423
-5419
-21955
-21030
30135
-26397
-13857
1970
25374
-15337
-26509
27540
1050
17607
1008
-27828
8099
-6231
-27163
-8423
-27412
-13191
28112
-4582
-22594
-2901
29219
16966
27565
12349
-4061
-1370
-3528
23626
18519
12773
25039
-12454
13511
24224
9502
-25405
-20825
25436
-29249
8344
6185
-11192
-9992
10568
-13280
-25460
2860
-7916
-28491
-4423
7406
-21488
-13679
-3556
30265
24266
1879
22505
-16451
-28812
-3717
24015
-26299
-17893
-11506
-17840
-15461
30875
20882
30584
-6463
-10044
-2914
32247
27647
-17161
19017
